Age,Phage
23,0
78,1
41,1
15,0
43,1
53,0
12,1
65,1
19,0
69,1
70,1
0,1
39,1
45,1
31,1
3,1
23,0
47,1
35,0
41,1
30,1
28,0
75,1
33,0
47,1
65,0
26,1
60,0
79,1
52,1
22,0
68,1
62,1
58,0
12,0
11,0
56,0
0,1
71,0
34,0
52,0
53,1
17,1
72,0
37,1
16,1
15,1
4,1
15,1
49,1
62,1
48,0
34,1
72,1
55,1
9,1
29,0
52,1
63,0
51,1
56,1
25,1
71,0
60,0
37,0
37,1
45,0
63,0
53,0
16,1
35,0
11,0
6,1
37,1
2,0
70,0
40,1
66,0
3,1
18,1
50,1
15,0
69,1
31,0
13,1
30,1
41,0
67,1
55,0
33,1
18,1
25,1
55,0
24,1
55,1
71,1
50,1
22,1
30,1
63,0
73,0
0,0
42,0
2,0
16,1
15,1
68,0
1,1
34,1
41,1
72,1
46,1
34,1
75,1
50,1
7,1
6,1
52,1
58,0
58,1
29,0
33,1
55,1
0,1
52,1
76,1
57,0
5,1
22,0
43,1
58,0
39,0
8,0
15,1
37,1
30,1
50,1
68,0
13,1
18,1
74,1
56,0
21,1
63,0
32,1
22,1
27,0
60,0
11,1
16,1
5,0
13,0
31,1
48,1
0,0
62,1
32,0
42,0
24,0
69,1
59,0
5,0
75,0
12,1
55,0
59,1
67,0
57,0
35,1
53,0
2,0
25,0
11,1
20,0
62,1
29,1
7,1
53,0
23,1
32,1
39,0
22,1
31,0
72,0
51,1
57,0
30,0
59,0
47,0
26,1
67,1
62,0
31,1
15,0
14,0
7,1
51,1
77,1
13,1
2,1
73,1
14,1
60,0
15,1
30,1
55,0
76,0
65,0
27,0
54,1
33,0
14,1
2,0
5,0
22,1
15,1
37,1
35,0
11,0
14,1
25,0
70,0
29,0
28,1
20,1
2,1
7,1
67,0
79,0
56,0
41,1
73,0
15,1
38,0
45,0
3,1
55,1
27,1
61,1
62,0
4,0
16,0
0,0
41,1
13,1
65,1
57,1
1,0
33,0
45,0
26,1
54,0
63,1
6,1
18,1
30,1
55,0
46,0
38,0
22,1
51,0
32,1
18,0
59,0
69,1
27,0
21,0
34,0
50,0
37,1
28,0
15,1
57,1
50,0
24,1
25,0
30,1
1,0
61,0
12,0
67,1
9,0
33,0
25,0
2,1
28,0
60,0
79,1
5,0
69,1
78,0
66,1
68,0
30,1
38,0
61,0
56,1
30,0
68,1
38,0
66,1
33,0
52,1
38,0
15,1
75,1
17,0
4,1
76,1
42,0
16,0
31,0
46,1
45,1
69,0
66,0
37,0
62,0
72,0
70,1
29,0
9,1
52,0
48,1
4,1
71,1
4,1
27,1
22,0
12,1
18,1
4,0
56,1
66,1
5,1
51,1
23,1
71,0
72,0
79,0
43,1
65,1
14,1
55,0
46,0
72,0
72,1
59,1
51,1
25,0
74,0
35,0
70,1
74,1
56,0
40,1
30,0
26,0
70,1
3,1
49,0
33,0
65,0
70,0
3,0
58,1
8,0
38,0
34,1
16,1
40,1
20,1
77,1
1,1
69,0
23,0
48,0
71,0
5,0
41,0
65,1
70,0
2,1
72,1
67,0
33,1
8,0
38,1
31,1
27,0
63,0
67,1
67,1
16,0
19,0
56,1
61,0
59,0
4,0
54,0
26,1
53,1
60,0
8,0
58,0
8,0
9,1
73,0
69,0
12,1
77,0
58,0
53,1
45,1
78,1
39,1
9,0
27,0
21,1
46,0
59,1
6,0
8,0
19,1
72,0
2,1
73,1
40,1
38,1
15,1
51,0
4,1
51,0
25,0
51,0
77,1
59,1
8,1
11,1
72,1
52,0
28,0
66,1
20,0
74,0
58,1
68,1
47,1
65,0
24,0
55,0
16,1
61,1
17,1
25,1
37,0
11,1
78,0
69,0
42,0
17,1
25,0
51,1
50,1
50,0
48,0
6,1
56,0
77,0
16,1
12,1
28,0
2,1
26,0
20,1
26,0
6,1
21,0
49,0
74,1
78,0
72,0
47,0
14,0
17,0
19,0
60,0
43,1
79,1
76,0
14,1
46,0
2,0
30,1
49,1
66,1
62,0
43,1
45,1
54,1
