59,1
23,0
67,0
39,0
57,0
61,1
70,0
41,0
32,1
3,0
70,0
56,1
63,0
5,0
43,1
55,0
51,0
74,1
53,1
62,0
70,0
24,1
33,0
17,1
40,0
43,1
18,0
44,0
56,0
61,1
28,1
60,0
12,0
13,1
78,1
31,1
51,0
39,0
73,0
19,1
26,0
20,0
21,1
65,0
23,0
45,1
67,0
50,1
10,0
13,0
34,1
68,1
58,0
34,1
57,1
0,1
47,1
46,1
20,1
34,1
34,0
17,1
30,0
55,0
46,0
9,0
48,0
11,1
0,0
34,1
31,0
47,0
2,0
14,1
39,1
19,1
45,1
39,0
35,1
66,1
34,0
4,1
71,0
50,1
66,0
60,1
66,0
51,1
4,0
60,0
9,1
21,0
51,1
19,1
12,1
67,0
35,0
6,1
37,0
10,1
51,0
10,0
66,1
45,1
9,0
0,1
46,0
65,0
66,1
58,0
18,0
72,0
32,0
25,1
56,0
29,0
39,1
37,1
43,1
57,0
8,0
4,1
45,1
66,0
74,0
7,1
38,1
64,0
11,0
24,1
70,0
52,0
48,1
23,0
43,1
2,1
40,0
15,1
49,0
9,0
62,1
15,0
47,1
25,0
10,0
26,1
23,0
2,1
70,0
41,1
56,0
38,1
49,0
3,1
18,1
66,0
5,0
42,1
51,0
21,1
63,0
76,1
39,1
36,1
49,0
66,0
46,0
10,1
40,0
76,0
56,1
61,0
28,0
51,1
55,0
57,0
25,1
43,1
17,0
43,1
0,1
30,1
64,0
72,1
75,0
79,0
24,1
75,0
33,0
31,1
22,0
73,0
27,1
6,1
18,0
33,0
68,1
18,0
67,0
77,0
15,1
0,0
28,0
3,1
63,0
72,1
74,1
28,0
78,0
73,1
69,1
4,1
11,1
77,1
63,1
75,0
63,1
24,0
41,1
1,1
51,1
27,1
40,1
42,0
67,1
64,0
48,0
54,0
66,1
12,0
43,0
42,0
4,0
43,1
4,0
55,0
70,1
20,0
53,0
69,0
29,1
67,0
22,1
57,1
30,1
72,0
3,0
10,0
49,1
5,0
25,0
38,0
44,1
72,0
13,0
27,0
4,0
62,0
20,1
67,0
51,0
22,0
67,0
67,1
65,0
43,0
6,0
1,0
39,1
5,1
16,0
18,1
12,0
12,0
26,1
38,0
36,1
75,1
59,1
29,0
79,0
0,1
23,0
6,0
22,0
64,0
47,1
51,0
15,0
68,0
50,0
39,0
38,1
33,1
62,1
32,1
49,0
18,1
43,1
16,1
29,0
60,0
4,0
3,1
71,0
35,0
6,0
22,1
69,1
59,1
26,0
74,0
33,0
44,0
75,0
65,1
52,1
33,0
25,0
52,1
2,0
0,0
3,1
1,0
18,1
63,0
36,1
71,1
25,0
69,0
61,0
72,1
9,0
72,1
26,1
74,0
51,0
52,0
34,0
33,1
17,1
65,1
31,1
67,1
24,0
21,1
43,1
16,0
72,0
51,1
20,0
52,0
14,0
46,0
76,0
43,0
44,0
59,0
31,1
2,1
12,0
57,0
66,0
5,1
42,1
55,1
47,1
30,0
77,1
69,0
79,0
15,0
59,1
59,1
48,1
29,1
15,0
34,1
33,0
53,0
40,0
69,0
5,1
26,0
54,0
55,1
35,1
22,0
4,0
38,0
23,0
67,1
51,1
23,0
28,1
0,0
6,1
42,1
58,1
53,1
6,1
31,0
20,0
67,0
20,1
51,0
10,0
67,0
23,1
76,0
24,0
19,1
29,1
21,1
57,1
27,0
61,0
72,1
79,0
0,1
56,1
17,0
70,0
77,0
49,1
74,1
54,1
61,0
55,1
2,0
18,0
9,1
21,1
4,1
75,1
50,0
9,1
73,1
4,0
54,0
16,1
38,1
13,1
49,0
18,1
29,0
25,0
22,1
78,0
16,1
36,1
67,1
51,1
40,0
5,1
35,1
54,1
35,0
6,1
54,0
66,1
4,0
54,0
45,0
48,0
63,0
52,1
21,1
54,0
16,0
20,0
58,0
72,1
61,0
1,0
17,0
23,0
63,1
25,1
55,0
31,0
14,1
32,0
19,0
3,0
70,0
34,0
44,0
60,1
14,0
30,1
13,0
53,0
20,0
33,0
10,0
68,1
34,1
60,1
44,1
