21,25,64,70,37,2,0
83,32,23,45,28,3,1
81,44,98,6,32,3,1
21,56,74,11,25,4,1
32,21,78,6,32,5,1
95,52,59,34,30,3,1
87,91,99,94,38,2,1
69,68,86,88,35,4,0
63,97,57,96,39,3,0
21,97,43,49,23,2,0
35,59,87,36,34,5,1
95,52,59,34,30,3,0
76,77,33,95,23,4,1
8,14,78,26,27,4,1
86,27,40,60,37,3,1
25,8,93,91,34,5,1
9,72,95,77,36,2,1
6,86,43,83,24,5,1
49,79,99,22,37,4,1
75,4,10,26,28,5,1
55,76,35,9,28,5,0
39,3,20,55,26,5,1
24,97,78,85,32,2,1
73,23,81,14,30,3,1
97,33,66,74,24,4,0
14,40,34,3,38,2,1
52,14,33,92,40,5,1
45,80,67,39,39,3,0
96,82,62,96,34,2,1
8,66,32,64,30,1,1
68,40,3,60,32,3,0
20,31,41,52,27,5,0
81,44,98,6,32,3,1
66,95,98,52,37,5,0
46,85,29,62,26,3,0
25,71,60,89,30,3,0
25,71,60,89,30,3,1
38,97,29,40,29,2,1
90,13,17,68,25,2,1
73,23,81,14,30,3,0
97,74,51,12,26,5,0
29,81,44,9,40,1,1
34,56,49,37,24,4,1
8,66,32,64,30,1,0
32,59,80,67,33,3,0
50,20,39,36,30,3,1
57,7,94,32,33,3,0
58,10,75,54,35,2,0
58,10,75,54,35,2,1
36,50,55,78,28,5,0
40,24,44,42,34,2,1
29,81,44,9,40,1,1
88,78,71,65,32,5,1
93,63,97,46,27,2,1
24,97,78,85,32,2,1
8,24,42,17,25,2,0
60,43,23,83,31,1,0
17,95,84,17,32,3,1
93,88,58,34,35,4,0
52,14,33,92,40,5,1
66,95,98,52,37,5,0
41,99,65,43,25,2,0
77,43,34,17,39,4,1
11,39,92,52,37,3,1
49,90,62,70,31,4,0
83,69,10,68,35,4,0
36,50,55,78,28,5,0
52,14,33,92,40,5,0
55,76,35,9,28,5,1
54,58,46,7,39,4,0
84,34,83,61,22,3,0
90,13,17,68,25,2,0
56,42,89,44,24,3,0
49,90,62,70,31,4,1
88,76,43,57,23,4,1
20,97,11,52,27,5,1
49,77,86,79,24,4,1
62,7,67,93,26,2,1
57,75,58,28,38,4,1
75,87,37,26,32,4,1
81,17,44,18,24,2,1
56,42,89,44,24,3,1
75,4,10,26,28,5,1
8,24,42,17,25,2,0
50,20,39,36,30,3,1
73,23,81,14,30,3,0
86,27,40,60,37,3,1
83,59,12,34,32,2,1
32,81,95,88,38,3,1
55,76,35,9,28,5,0
89,17,67,43,36,2,1
24,62,35,26,29,5,0
83,69,10,68,35,4,1
57,58,97,41,34,5,1
20,31,41,52,27,5,1
95,52,59,34,30,3,0
32,81,95,88,38,3,0
88,76,43,57,23,4,1
46,85,29,62,26,3,0
58,10,75,54,35,2,0
6,86,43,83,24,5,0
54,58,46,7,39,4,1
20,97,11,52,27,5,0
29,22,66,93,35,2,0
82,34,17,23,31,4,0
17,95,84,17,32,3,1
29,22,66,93,35,2,1
39,83,20,23,24,2,1
70,16,94,85,30,3,1
20,97,11,52,27,5,1
70,16,94,85,30,3,0
77,62,56,39,25,5,1
54,58,46,7,39,4,0
78,90,9,10,37,5,0
35,59,87,36,34,5,1
25,8,93,91,34,5,0
23,22,15,18,28,4,1
32,21,78,6,32,5,1
45,80,67,39,39,3,0
93,63,97,46,27,2,0
60,43,23,83,31,1,0
75,87,37,26,32,4,0
97,74,51,12,26,5,0
32,59,80,67,33,3,0
23,47,35,77,36,3,0
77,61,86,11,40,3,1
62,7,67,93,26,2,1
62,7,67,93,26,2,1
32,21,78,6,32,5,1
77,43,34,17,39,4,1
68,40,3,60,32,3,0
86,96,92,43,27,4,0
13,8,11,92,26,2,1
21,69,31,97,38,5,1
20,49,6,87,27,3,1
17,95,84,17,32,3,1
99,74,96,74,36,4,0
93,88,58,34,35,4,0
87,91,99,94,38,2,1
7,96,59,27,29,2,1
53,32,17,11,27,2,0
66,95,98,52,37,5,0
35,59,87,36,34,5,1
15,45,19,43,28,3,0
39,3,20,55,26,5,1
8,24,42,17,25,2,1
98,71,57,52,36,5,0
53,32,17,11,27,2,1
67,28,53,65,23,5,0
20,97,11,52,27,5,1
32,81,95,88,38,3,0
32,21,78,6,32,5,0
69,68,86,88,35,4,0
60,43,23,83,31,1,0
21,25,64,70,37,2,0
69,8,41,93,22,3,1
70,13,89,24,31,4,0
76,77,33,95,23,4,0
56,42,89,44,24,3,1
22,11,78,57,29,2,0
31,86,84,60,39,4,1
97,25,68,7,32,4,1
63,97,57,96,39,3,0
41,99,65,43,25,2,1
15,43,76,94,24,4,0
21,56,74,11,25,4,0
97,33,66,74,24,4,0
73,23,81,14,30,3,0
82,34,17,23,31,4,1
68,60,72,93,29,4,1
49,79,99,22,37,4,1
68,81,80,40,39,3,0
93,88,58,34,35,4,1
15,43,76,94,24,4,0
9,11,13,52,23,4,1
6,86,43,83,24,5,1
74,6,36,71,32,4,1
49,90,62,70,31,4,1
86,97,13,69,35,3,0
87,91,99,94,38,2,1
96,82,62,96,34,2,1
85,13,80,63,30,3,0
41,99,65,43,25,2,1
83,59,12,34,32,2,0
50,37,73,14,40,3,0
35,42,28,94,25,3,0
78,90,9,10,37,5,1
7,96,59,27,29,2,1
88,45,9,50,35,3,0
73,50,94,72,35,4,1
33,7,49,6,37,5,0
14,40,34,3,38,2,0
83,69,10,68,35,4,0
68,40,3,60,32,3,1
97,25,68,7,32,4,0
69,8,41,93,22,3,1
78,90,9,10,37,5,0
9,11,13,52,23,4,1
8,24,42,17,25,2,1
57,7,94,32,33,3,1
45,80,67,39,39,3,0
17,95,84,17,32,3,1
54,47,73,85,37,4,0
88,78,71,65,32,5,0
89,17,67,43,36,2,1
62,7,67,93,26,2,1
60,73,19,33,37,3,1
49,79,99,22,37,4,1
31,86,84,60,39,4,0
73,52,60,52,29,2,0
57,58,97,41,34,5,1
45,80,67,39,39,3,0
73,52,60,52,29,2,1
93,63,97,46,27,2,0
50,20,39,36,30,3,1
81,17,44,18,24,2,1
40,24,44,42,34,2,1
41,99,65,43,25,2,0
9,72,95,77,36,2,1
57,58,97,41,34,5,1
36,50,55,78,28,5,0
69,68,86,88,35,4,0
31,60,5,61,35,5,0
20,49,6,87,27,3,0
57,75,58,28,38,4,1
35,42,28,94,25,3,0
73,50,94,72,35,4,0
83,32,23,45,28,3,0
54,47,73,85,37,4,0
87,91,99,94,38,2,0
39,83,20,23,24,2,1
38,97,29,40,29,2,1
35,42,28,94,25,3,0
54,47,73,85,37,4,1
89,17,67,43,36,2,1
38,34,14,66,34,3,0
20,31,41,52,27,5,0
90,40,16,99,30,5,0
63,97,57,96,39,3,0
90,13,17,68,25,2,1
77,61,86,11,40,3,0
52,14,33,92,40,5,1
67,28,53,65,23,5,0
22,11,78,57,29,2,0
54,58,46,7,39,4,0
52,11,3,39,35,2,0
21,69,31,97,38,5,0
83,32,23,45,28,3,1
38,34,14,66,34,3,0
33,7,49,6,37,5,1
85,13,80,63,30,3,1
13,8,11,92,26,2,0
38,34,14,66,34,3,0
12,37,49,50,23,4,0
62,9,73,32,23,4,0
17,77,71,78,38,4,0
62,9,73,32,23,4,1
77,62,56,39,25,5,0
90,33,80,100,27,3,1
82,34,17,23,31,4,1
88,78,71,65,32,5,0
68,60,72,93,29,4,0
57,7,94,32,33,3,0
97,25,68,7,32,4,1
77,43,34,17,39,4,0
31,60,5,61,35,5,0
29,22,66,93,35,2,1
76,77,33,95,23,4,0
29,22,66,93,35,2,0
70,13,89,24,31,4,1
11,39,92,52,37,3,0
40,24,44,42,34,2,1
12,37,49,50,23,4,0
95,31,31,10,32,3,0
82,34,17,23,31,4,0
55,59,42,83,34,5,0
49,90,62,70,31,4,1
85,13,80,63,30,3,0
60,73,19,33,37,3,0
57,7,94,32,33,3,1
81,17,44,18,24,2,1
83,32,23,45,28,3,0
7,96,59,27,29,2,1
77,43,34,17,39,4,1
52,11,3,39,35,2,0
21,25,64,70,37,2,1
98,71,57,52,36,5,0
12,37,49,50,23,4,0
88,78,71,65,32,5,0
95,31,31,10,32,3,1
23,47,35,77,36,3,0
39,3,20,55,26,5,0
23,47,35,77,36,3,1
49,77,86,79,24,4,1
53,32,17,11,27,2,1
86,96,92,43,27,4,0
31,86,84,60,39,4,1
9,72,95,77,36,2,1
67,28,53,65,23,5,0
68,60,72,93,29,4,0
21,97,43,49,23,2,1
32,59,80,67,33,3,1
13,8,11,92,26,2,1
28,63,23,8,28,5,0
10,50,93,27,30,3,0
8,36,27,90,32,2,1
23,47,35,77,36,3,1
86,27,40,60,37,3,1
8,14,78,26,27,4,0
70,16,94,85,30,3,1
31,86,84,60,39,4,1
32,81,95,88,38,3,1
86,96,92,43,27,4,1
31,60,5,61,35,5,0
20,31,41,52,27,5,1
7,96,59,27,29,2,0
46,85,29,62,26,3,1
73,52,60,52,29,2,1
68,60,72,93,29,4,1
25,8,93,91,34,5,1
73,50,94,72,35,4,1
95,52,59,34,30,3,0
23,22,15,18,28,4,0
97,74,51,12,26,5,1
72,48,83,92,24,1,0
86,97,13,69,35,3,0
57,75,58,28,38,4,1
50,37,73,14,40,3,1
75,4,10,26,28,5,0
90,13,17,68,25,2,0
75,87,37,26,32,4,1
10,50,93,27,30,3,1
60,43,23,83,31,1,0
49,79,99,22,37,4,1
24,97,78,85,32,2,1
99,74,96,74,36,4,0
69,8,41,93,22,3,0
28,63,23,8,28,5,1
77,62,56,39,25,5,1
88,76,43,57,23,4,0
81,44,98,6,32,3,1
28,63,23,8,28,5,1
17,77,71,78,38,4,1
24,62,35,26,29,5,0
86,96,92,43,27,4,0
97,33,66,74,24,4,0
63,97,57,96,39,3,0
21,56,74,11,25,4,1
93,88,58,34,35,4,1
8,66,32,64,30,1,0
49,77,86,79,24,4,0
21,69,31,97,38,5,1
31,60,5,61,35,5,1
38,97,29,40,29,2,0
17,77,71,78,38,4,1
21,97,43,49,23,2,1
99,74,96,74,36,4,0
9,72,95,77,36,2,0
50,37,73,14,40,3,0
62,9,73,32,23,4,1
28,63,23,8,28,5,1
49,77,86,79,24,4,0
70,13,89,24,31,4,0
72,48,83,92,24,1,1
39,3,20,55,26,5,1
38,97,29,40,29,2,1
77,62,56,39,25,5,0
77,61,86,11,40,3,1
53,79,9,89,31,1,0
25,71,60,89,30,3,0
68,81,80,40,39,3,0
74,6,36,71,32,4,1
40,24,44,42,34,2,0
90,33,80,100,27,3,1
86,97,13,69,35,3,0
23,22,15,18,28,4,1
29,81,44,9,40,1,0
15,43,76,94,24,4,1
8,36,27,90,32,2,1
15,45,19,43,28,3,0
66,95,98,52,37,5,1
15,43,76,94,24,4,0
69,8,41,93,22,3,1
68,81,80,40,39,3,0
68,40,3,60,32,3,1
21,25,64,70,37,2,1
10,50,93,27,30,3,0
22,11,78,57,29,2,1
35,59,87,36,34,5,1
15,45,19,43,28,3,0
97,33,66,74,24,4,0
75,87,37,26,32,4,0
8,36,27,90,32,2,0
53,79,9,89,31,1,1
29,81,44,9,40,1,0
90,33,80,100,27,3,0
86,27,40,60,37,3,0
39,83,20,23,24,2,1
95,31,31,10,32,3,1
53,32,17,11,27,2,1
70,13,89,24,31,4,1
96,82,62,96,34,2,0
90,40,16,99,30,5,1
97,25,68,7,32,4,1
8,14,78,26,27,4,1
84,34,83,61,22,3,1
83,69,10,68,35,4,1
74,6,36,71,32,4,1
24,97,78,85,32,2,1
11,39,92,52,37,3,1
50,37,73,14,40,3,1
73,52,60,52,29,2,1
88,76,43,57,23,4,0
90,40,16,99,30,5,1
21,56,74,11,25,4,1
69,68,86,88,35,4,0
33,7,49,6,37,5,0
58,10,75,54,35,2,1
34,56,49,37,24,4,0
85,13,80,63,30,3,0
60,73,19,33,37,3,1
55,59,42,83,34,5,1
8,36,27,90,32,2,1
86,97,13,69,35,3,0
24,62,35,26,29,5,0
38,34,14,66,34,3,1
21,97,43,49,23,2,1
88,45,9,50,35,3,0
14,40,34,3,38,2,1
75,4,10,26,28,5,1
50,20,39,36,30,3,1
60,73,19,33,37,3,0
98,71,57,52,36,5,1
55,76,35,9,28,5,0
20,49,6,87,27,3,1
84,34,83,61,22,3,0
83,59,12,34,32,2,1
52,11,3,39,35,2,0
84,34,83,61,22,3,0
90,33,80,100,27,3,1
96,82,62,96,34,2,0
34,56,49,37,24,4,0
88,45,9,50,35,3,0
33,7,49,6,37,5,1
24,62,35,26,29,5,0
76,77,33,95,23,4,1
34,56,49,37,24,4,1
17,77,71,78,38,4,1
6,86,43,83,24,5,1
52,11,3,39,35,2,1
9,11,13,52,23,4,0
62,9,73,32,23,4,1
98,71,57,52,36,5,1
32,59,80,67,33,3,1
15,45,19,43,28,3,1
53,79,9,89,31,1,1
77,61,86,11,40,3,1
8,14,78,26,27,4,1
81,44,98,6,32,3,1
35,42,28,94,25,3,0
93,63,97,46,27,2,1
72,48,83,92,24,1,0
36,50,55,78,28,5,0
25,8,93,91,34,5,1
89,17,67,43,36,2,1
90,40,16,99,30,5,1
12,37,49,50,23,4,1
46,85,29,62,26,3,1
57,58,97,41,34,5,1
68,81,80,40,39,3,1
13,8,11,92,26,2,1
81,17,44,18,24,2,1
55,59,42,83,34,5,1
73,50,94,72,35,4,0
56,42,89,44,24,3,0
11,39,92,52,37,3,0
95,31,31,10,32,3,0
21,69,31,97,38,5,0
97,74,51,12,26,5,0
57,75,58,28,38,4,0
25,71,60,89,30,3,0
99,74,96,74,36,4,0
72,48,83,92,24,1,0
14,40,34,3,38,2,0
83,59,12,34,32,2,1
23,22,15,18,28,4,0
54,47,73,85,37,4,1
55,59,42,83,34,5,1
10,50,93,27,30,3,1
74,6,36,71,32,4,0
53,79,9,89,31,1,1
22,11,78,57,29,2,0
67,28,53,65,23,5,0
70,16,94,85,30,3,1
88,45,9,50,35,3,1
20,49,6,87,27,3,0
8,66,32,64,30,1,1
39,83,20,23,24,2,1
9,11,13,52,23,4,1
78,90,9,10,37,5,1